[]
AXISHOMEX=0.000000e+000
AXISHOMEY=0.000000e+000
AXISHOMEZ=0.000000e+000
AXISSPECX=9.990000e+002
AXISSPECY=0.000000e+000
AXISSPECZ=0.000000e+000
SPLITSIZE=1.000000e-003
SPLITSIZEX=5.000000e+001
SPLITSIZEY=5.000000e+001
FORCESPLIT=0
FORCEALLSPLIT=0
m_bEnableCrossSplit=0
m_dCrossSplitLen=1.000000e-001
FINISHGOTOSPECIALPOS=0

[NOTITLE]
FOCUSLENGTH=0.000000e+000

