[NOTITLE]
MARKBYSPLIT=0
SPLITLINENUMX=0
SPLITLINENUMY=0
SPLITSIZE=5.000000e+001
PARTDIAMETER=1.000000e+001
PARTHEIGHT=1.270000e+002
FOCUSLENGTH=1.600000e+002

