[ZPARAM]
UNIT=0
FocusLength=1.200000e+002
BaseHeight=1.100000e+002
PartHeight=1.270000e+002
ZAdjustment=1.000000e+002

